//番禺回天河
		 len tr be en cu ne
7e 00 1a 00 12 02 23 51 0b 18 01 0b 00 04 6f 00 00 00 00 97 68 31 45 12 00 00 00 00 00 00 00 00 00 08 b6 00 00 01 04 00 81 00 46 7e
7e 00 1a 00 12 02 23 51 0b 18 01 0b 00 04 6f 00 00 00 00 97 68 31 45 12 00 00 00 00 00 00 00 00 00 88 5a 00 00 01 04 00 c1 00 e2 7e
7e 00 1a 00 12 02 23 a2 0b 18 01 0b 00 04 6f 00 00 00 00 97 68 31 45 12 00 00 00 00 00 00 00 00 00 88 b2 00 00 01 04 00 c1 00 39 7e
7e 00 1a 00 12 02 23 51 01 1e 01 06 00 04 af 00 00 00 00 97 68 31 45 22 00 00 00 00 00 00 00 00 00 88 75 00 00 01 04 00 81 00 c0 7e
7e 00 1a 00 12 02 23 a2 01 1e 06 06 00 04 af 00 00 00 00 97 68 31 45 12 00 00 00 00 00 00 00 00 00 88 5c 00 00 01 04 00 81 00 93 7e
7e 00 1a 00 12 02 23 52 01 1e 06 06 00 04 8f 00 00 00 00 97 68 31 45 12 00 00 00 00 00 00 00 00 00 88 b1 00 00 01 04 00 81 00 ae 7e
7e 00 1a 00 12 02 23 51 07 1e 06 07 00 04 af 00 00 00 00 97 68 31 45 22 00 00 00 00 00 00 00 00 00 88 e9 00 00 01 04 00 81 00 40 7e
7e 00 1a 00 12 02 23 a2 07 1e 07 07 00 04 af 00 00 00 00 97 68 31 45 12 00 00 00 00 00 00 00 00 00 88 08 00 00 01 04 00 81 00 df 7e
7e 00 1a 00 12 02 23 52 07 1e 07 07 00 04 8f 00 00 00 00 97 68 31 45 12 00 00 00 00 00 00 00 00 00 88 3b 00 00 01 04 00 81 00 1c 7e
7e 00 1a 00 12 02 23 51 07 1e 07 08 00 04 af 00 00 00 00 97 68 31 45 22 00 00 00 00 00 00 00 00 00 88 60 00 00 01 04 00 81 00 c7 7e
7e 00 1a 00 12 02 23 a2 07 1e 08 08 00 04 af 00 00 00 00 97 68 31 45 12 00 00 00 00 00 00 00 00 00 88 65 00 00 01 04 00 c1 00 40 7e
7e 00 1a 00 12 02 23 51 07 1e 08 09 00 04 af 00 00 00 00 97 68 31 45 22 00 00 00 00 00 00 00 00 00 88 b1 00 00 01 04 00 c1 00 34 7e
7e 00 1a 00 12 02 23 51 07 1e 09 0a 00 04 af 00 00 00 00 97 68 31 45 22 00 00 00 00 00 00 00 00 00 88 44 00 00 01 04 00 c1 00 9f 7e
7e 00 1a 00 12 02 23 a2 07 1e 0a 0a 00 04 af 00 00 00 00 97 68 31 45 12 00 00 00 00 00 00 00 00 00 88 ca 00 00 01 04 00 c1 00 d7 7e
7e 00 1a 00 12 02 23 51 07 1e 0a 0b 00 04 af 00 00 00 00 97 68 31 45 22 00 00 00 00 00 00 00 00 00 88 30 00 00 01 04 00 c1 00 b1 7e
7e 00 1a 00 12 02 23 a2 07 1e 0b 0b 00 04 af 00 00 00 00 97 68 31 45 12 00 00 00 00 00 00 00 00 00 88 f9 00 00 01 04 00 c1 00 a6 7e
7e 00 1a 00 12 02 23 51 07 1e 0b 1a 00 04 af 00 00 00 00 97 68 31 45 22 00 00 00 00 00 00 00 00 00 88 4b 00 00 01 04 00 c1 00 86 7e
7e 00 1a 00 12 02 23 a2 07 1e 1a 1a 00 04 af 00 00 00 00 97 68 31 45 12 00 00 00 00 00 00 00 00 00 88 68 00 00 01 04 00 c1 00 19 7e
7e 00 1a 00 12 02 23 51 07 1e 1a 1b 00 04 af 00 00 00 00 97 68 31 45 22 00 00 00 00 00 00 00 00 00 88 c2 00 00 01 04 00 c1 00 ff 7e
7e 00 1a 00 12 02 23 51 07 1e 1a 1b 00 04 af 00 00 00 00 97 68 31 45 12 00 00 00 00 00 00 00 00 00 88 49 00 00 01 04 00 c1 00 88 7e
7e 00 1a 00 12 02 23 52 07 1e 1b 1b 00 04 8f 00 00 00 00 97 68 31 45 12 00 00 00 00 00 00 00 00 00 88 ad 00 00 01 04 00 c1 00 42 7e
7e 00 1a 00 12 02 23 52 07 1e 1b 1b 00 04 8f 00 00 00 00 97 68 31 45 12 00 00 00 00 00 00 00 00 00 88 ad 00 00 01 04 00 c1 00 42 7e
7e 00 1a 00 12 02 23 51 07 1e 1b 1c 00 04 af 00 00 00 00 97 68 31 45 22 00 00 00 00 00 00 00 00 00 88 07 00 00 01 04 00 c1 00 b8 7e
7e 00 1a 00 12 02 23 51 07 1e 1c 1d 00 04 af 00 00 00 00 97 68 31 45 22 00 00 00 00 00 00 00 00 00 88 b9 00 00 01 04 00 c1 00 04 7e
7e 00 1a 00 12 02 23 a1 07 1e 1d 1d 00 04 af 00 00 00 00 97 68 31 45 12 00 00 00 00 00 00 00 00 00 88 9c 00 00 01 04 00 c1 00 e0 7e
7e 00 1a 00 12 02 23 a2 07 1e 1d 1d 00 04 9f 00 00 00 00 97 68 31 45 12 00 00 00 00 00 00 00 00 00 88 d2 00 00 01 04 00 c1 00 b9 7e

7e 00 1a 00 12 02 23 52 07 01 1d 1d 00 04 4f 00 00 00 00 97 68 31 45 12 00 00 00 00 00 00 00 00 00 88 fa 00 00 01 04 00 c1 00 4e 7e
//天河回番禺
		 len tr be en cu ne
7e 00 1a 00 12 02 23 51 1e 01 1d 1e 00 04 5f 00 00 00 00 97 68 31 45 22 00 00 00 00 00 00 00 00 00 88 9c 00 00 01 04 00 c1 00 75 7e
7e 00 1a 00 12 02 23 92 1e 01 1e 1e 00 04 4d 00 00 00 00 97 68 31 45 12 00 00 00 00 00 00 00 00 00 08 59 00 00 01 04 00 c1 00 18 7e
7e 00 1a 00 12 02 23 51 1e 01 1e 1d 00 04 5d 00 00 00 00 97 68 31 45 22 00 00 00 00 00 00 00 00 00 88 5e 00 00 01 04 00 c1 00 b5 7e
7e 00 1a 00 12 02 23 92 1e 01 1d 1d 00 04 4d 00 00 00 00 97 68 31 45 12 00 00 00 00 00 00 00 00 00 88 d8 00 00 01 04 00 c1 00 1b 7e
7e 00 1a 00 12 02 23 51 1e 01 1d 1c 00 04 5d 00 00 00 00 97 68 31 45 22 00 00 00 00 00 00 00 00 00 88 17 00 00 01 04 00 c1 00 fe 7e
7e 00 1a 00 12 02 23 a1 1e 01 1c 1c 00 04 5d 00 00 00 00 97 68 31 45 12 00 00 00 00 00 00 00 00 00 88 f6 00 00 01 04 00 c1 00 e0 7e
7e 00 1a 00 12 02 23 51 1e 01 1c 1b 00 04 5d 00 00 00 00 97 68 31 45 22 00 00 00 00 00 00 00 00 00 88 37 00 00 01 04 00 c1 00 e0 7e
7e 00 1a 00 12 02 23 a2 1e 01 1b 1b 00 04 5d 00 00 00 00 97 68 31 45 12 00 00 00 00 00 00 00 00 00 88 e8 00 00 01 04 00 c1 00 ef 7e
7e 00 1a 00 12 02 23 51 1e 01 1b 1a 00 04 5d 00 00 00 00 97 68 31 45 22 00 00 00 00 00 00 00 00 00 88 1d 00 00 01 04 00 c1 00 fc 7e
7e 00 1a 00 12 02 23 51 1e 01 1b 1a 00 04 5d 00 00 00 00 97 68 31 45 22 00 00 00 00 00 00 00 00 00 88 9a 00 00 01 04 00 c1 00 7f 81 7e
7e 00 1a 00 12 02 23 a2 1e 01 1a 1a 00 04 5d 00 00 00 00 97 68 31 45 12 00 00 00 00 00 00 00 00 00 88 cc 00 00 01 04 00 c1 00 0d 7e
7e 00 1a 00 12 02 23 51 1e 01 1a 0b 00 04 5d 00 00 00 00 97 68 31 45 22 00 00 00 00 00 00 00 00 00 88 11 00 00 01 04 00 c1 00 18 7e
7e 00 1a 00 12 02 23 51 1e 01 1a 0b 00 04 5d 00 00 00 00 97 68 31 45 22 00 00 00 00 00 00 00 00 00 88 7e 00 00 01 04 00 c1 00 ab ab 7e
7e 00 1a 00 12 02 23 51 1e 01 1a 0b 00 04 5d 00 00 00 00 97 68 31 45 12 00 00 00 00 00 00 00 00 00 88 48 00 00 01 04 00 c1 00 f1 7e
7e 00 1a 00 12 02 23 91 1e 01 0b 0b 00 04 4d 00 00 00 00 97 68 31 45 12 00 00 00 00 00 00 00 00 00 88 38 00 00 01 04 00 c1 00 e0 7e
7e 00 1a 00 12 02 23 51 1e 01 0b 09 00 04 5d 00 00 00 00 97 68 31 45 22 00 00 00 00 00 00 00 00 00 88 a3 00 00 01 04 00 c1 00 97 7e
7e 00 1a 00 12 02 23 a1 1e 01 09 09 00 04 5d 00 00 00 00 97 68 31 45 12 00 00 00 00 00 00 00 00 00 88 a3 00 00 01 04 00 c1 00 59 7e
7e 00 1a 00 12 02 23 51 1e 01 09 08 00 04 5d 00 00 00 00 97 68 31 45 22 00 00 00 00 00 00 00 00 00 88 f7 00 00 01 04 00 c1 00 46 7e
7e 00 1a 00 12 02 23 a2 1e 01 08 08 00 04 5d 00 00 00 00 97 68 31 45 12 00 00 00 00 00 00 00 00 00 88 c0 00 00 01 04 00 c1 00 3d 7e
7e 00 1a 00 12 02 23 51 1e 01 08 07 00 04 5d 00 00 00 00 97 68 31 45 22 00 00 00 00 00 00 00 00 00 88 fc 00 00 01 04 00 c1 00 43 7e
7e 00 1a 00 12 02 23 a2 1e 01 07 07 00 04 5d 00 00 00 00 97 68 31 45 12 00 00 00 00 00 00 00 00 00 88 05 00 00 01 04 00 c1 00 fa 7e
7e 00 1a 00 12 02 23 51 1e 01 07 06 00 04 5d 00 00 00 00 97 68 31 45 22 00 00 00 00 00 00 00 00 00 88 4c 00 00 01 04 00 c1 00 f5 7e
7e 00 1a 00 12 02 23 51 1e 01 07 06 00 04 5d 00 00 00 00 97 68 31 45 22 00 00 00 00 00 00 00 00 00 88 7e 00 00 01 04 00 c1 00 c3 c3 7e
7e 00 1a 00 12 02 23 a1 1e 01 06 06 00 04 5d 00 00 00 00 97 68 31 45 12 00 00 00 00 00 00 00 00 00 88 83 00 00 01 04 00 c1 00 7f 81 7e
7e 00 1a 00 12 02 23 51 1e 01 06 05 00 04 5d 00 00 00 00 97 68 31 45 22 00 00 00 00 00 00 00 00 00 88 c8 00 00 01 04 00 c1 00 7b 7e
7e 00 1a 00 12 02 23 a1 1e 01 05 05 00 04 5d 00 00 00 00 97 68 31 45 12 00 00 00 00 00 00 00 00 00 88 bb 00 00 01 04 00 c1 00 49 7e
7e 00 1a 00 12 02 23 51 1e 01 05 04 00 04 5d 00 00 00 00 97 68 31 45 22 00 00 00 00 00 00 00 00 00 88 f5 00 00 01 04 00 c1 00 50 7e
7e 00 1a 00 12 02 23 92 1e 01 04 04 00 04 4d 00 00 00 00 97 68 31 45 12 00 00 00 00 00 00 00 00 00 88 21 00 00 01 04 00 c1 00 04 7e
//大石折返回库内
7e 00 1a 00 12 02 23 92 1e 01 1e 1e 00 00 4f 00 00 00 00 97 68 31 45 12 00 00 00 00 00 00 00 00 00 0a 62 00 00 01 08 00 c1 00 0b 7e
7e 00 1a 00 12 02 23 92 1e 01 04 04 00 04 4f 00 00 00 00 97 68 31 45 12 00 00 00 00 00 00 00 00 00 08 88 00 00 01 04 00 c1 00 1b 7e
7e 00 1a 00 12 02 23 92 1e 01 04 04 00 04 4f 00 00 00 00 97 68 31 45 12 00 00 00 00 00 00 00 00 00 08 08 00 00 01 04 00 c1 00 9b 7e
7e 00 1a 00 12 02 23 92 1e 01 04 04 00 04 4f 00 00 00 00 97 68 31 45 12 00 00 00 00 00 00 00 00 00 88 a4 00 00 01 04 00 c1 00 7f 81 7e
7e 00 1a 00 12 02 23 92 1e 01 04 04 00 04 4f 00 00 00 00 97 68 31 45 12 00 00 00 00 00 00 00 00 00 08 bc 00 00 01 04 00 c1 00 e7 7e
